motobike125sx
not_mistxy
7133820071146802478
7133820071146802478
7187165494791687430
7187165494791687430
7002045164634033414
7002045164634033414
6950708569377377542
6950708569377377542
6950708569377377542
7099043073656655147
7119660643354971435
7119660643354971435
7119660643354971435
6779308572657372422
6901409977987026181
6901409977987026181
7057181316562849025
7057181316562849025
7079176519247056171
7079176519247056171
7152269868455300357
7120581480891337990
7200519667830607147
6946524482404142338
6946524482404142338
6997410930510335238
7208548370011442478
7185072992559353094
6944091160549870853
6944091160549870853
7075440762732776750
7075440762732776750
7075440762732776750
7075440762732776750
7075440762732776750
7075440762732776750
6906694596340747525
6906694596340747525
6906694596340747525
7027126278268423429
7050903177448918319
7050903177448918319
7050903177448918319
7050903177448918319
7050903177448918319
7050903177448918319
6833134236581498118
6833134236581498118
6826737513500003590
6826737513500003590
6826737513500003590
7139293992394558725
7139293992394558725
7139293992394558725
6955354380459592961
6955354380459592961
6955354380459592961
6955354380459592961
7089925231363542274
7089925231363542274
7089925231363542274
7103640608199216427
7103640608199216427
7103640608199216427
7003375165924969734
7003375165924969734
7143349785582374149
7143349785582374149
7143349785582374149
6820973468159429890
6820973468159429890
6820973468159429890
7054852773367581954
7054852773367581954
7054852773367581954
7164211635844893994
7164211635844893994
7164211635844893994
6958264975446084865
6958264975446084865
6958264975446084865
7002764810089778437
7002764810089778437
7002764810089778437
7130317925143137542
7142739861529709851
